83.0
100.0
79.0
51.0
50.0
63.0
58.0
78.0
59.0
84.0
64.0
79.0
58.0
89.0
80.0
79.0
77.0
60.0
101.0
65.0
75.0
63.0
79.0
57.0
62.0
67.0
59.0
82.0
62.0
79.0
55.0
75.0
82.0
76.0
80.0
57.0
98.0
70.0
77.0
65.0
84.0
87.0
88.0
66.0
64.0
49.0
77.0
83.0
68.0
78.0
78.0
81.0
62.0
78.0
78.0
58.0
80.0
68.0
87.0
76.0
84.0
80.0
85.0
45.0
89.0
80.0
54.0
84.0
106.0
80.0
71.0
51.0
74.0
87.0
52.0
76.0
69.0
83.0
70.0
51.0
68.0
51.0
83.0
74.0
85.0
76.0
62.0
78.0
61.0
90.0
84.0
52.0
58.0
66.0
74.0
90.0
62.0
57.0
90.0
70.0
