2790.0
2432.0
2336.0
2438.0
2429.0
2386.0
2417.0
2438.0
2417.0
2459.0
2235.0
2438.0
2382.0
2378.0
2303.0
2368.0
2338.0
2354.0
2313.0
2461.0
2415.0
2392.0
2345.0
2287.0
2348.0
2458.0
2355.0
2493.0
2548.0
2383.0
2304.0
2417.0
2205.0
2443.0
2469.0
2313.0
2411.0
2375.0
2452.0
2362.0
2354.0
2309.0
2393.0
2444.0
2414.0
2396.0
2354.0
2364.0
2446.0
2397.0
2376.0
2313.0
2346.0
2283.0
2385.0
2379.0
2405.0
2429.0
2365.0
2384.0
2389.0
2391.0
2473.0
2344.0
2463.0
2275.0
2413.0
2409.0
2417.0
2389.0
2395.0
2502.0
2423.0
2400.0
2385.0
2396.0
2393.0
2290.0
2287.0
2508.0
2321.0
2312.0
2403.0
2397.0
2390.0
2373.0
2402.0
2402.0
2412.0
2343.0
2422.0
2438.0
2320.0
2442.0
2434.0
2354.0
2252.0
2414.0
2428.0
2407.0
