2308.0
2304.0
2315.0
2286.0
2289.0
2235.0
2244.0
2282.0
2328.0
2221.0
2228.0
2313.0
2283.0
2249.0
2246.0
2325.0
2278.0
2256.0
2286.0
2309.0
2182.0
2301.0
2345.0
2305.0
2227.0
2264.0
2307.0
2687.0
2282.0
2364.0
2306.0
2288.0
2272.0
2310.0
2217.0
2296.0
2356.0
2241.0
2256.0
2228.0
2255.0
2263.0
2284.0
2291.0
2213.0
2255.0
2280.0
2310.0
2334.0
2322.0
2253.0
2250.0
2311.0
2204.0
2298.0
2297.0
2328.0
2300.0
2259.0
2307.0
2494.0
2333.0
2566.0
2346.0
2509.0
2407.0
2404.0
2406.0
2943.0
2455.0
2589.0
2478.0
2401.0
2387.0
2550.0
2643.0
2470.0
2423.0
2468.0
2464.0
2399.0
2488.0
2439.0
2413.0
2382.0
2478.0
2464.0
2468.0
2425.0
2496.0
2397.0
2394.0
2423.0
2955.0
2424.0
2475.0
2556.0
2356.0
2428.0
2457.0
