6098.0
4515.0
4491.0
4557.0
4556.0
4627.0
4659.0
4629.0
4671.0
4620.0
6253.0
4629.0
4609.0
4658.0
4450.0
4657.0
4554.0
4639.0
4686.0
4568.0
4601.0
4675.0
4582.0
4620.0
4775.0
4602.0
4478.0
4561.0
4660.0
5206.0
4361.0
4537.0
4499.0
4520.0
4574.0
4619.0
4398.0
4580.0
6052.0
4446.0
4421.0
4505.0
4528.0
6273.0
4587.0
4631.0
4581.0
4587.0
4706.0
4698.0
4577.0
6006.0
4540.0
4547.0
4476.0
4632.0
4574.0
4451.0
4501.0
4650.0
4662.0
4590.0
4638.0
4580.0
4482.0
4546.0
4656.0
4725.0
4510.0
4493.0
4382.0
4533.0
6252.0
4565.0
4462.0
4488.0
4560.0
4621.0
4537.0
4603.0
6206.0
4542.0
4636.0
4513.0
4447.0
4656.0
4503.0
4622.0
4570.0
4425.0
4481.0
4596.0
4620.0
4612.0
6088.0
4359.0
4619.0
4581.0
4759.0
4460.0
