28.0
22.0
22.0
28.0
29.0
38.0
33.0
33.0
22.0
31.0
20.0
34.0
20.0
29.0
30.0
26.0
17.0
31.0
22.0
22.0
35.0
22.0
24.0
34.0
18.0
18.0
33.0
29.0
23.0
39.0
30.0
19.0
20.0
31.0
19.0
27.0
18.0
31.0
18.0
33.0
21.0
24.0
18.0
33.0
33.0
29.0
25.0
36.0
34.0
34.0
31.0
32.0
21.0
27.0
61.0
33.0
23.0
27.0
32.0
32.0
22.0
34.0
31.0
32.0
22.0
22.0
25.0
22.0
32.0
28.0
33.0
17.0
31.0
52.0
26.0
33.0
27.0
25.0
30.0
31.0
30.0
19.0
21.0
18.0
38.0
28.0
23.0
32.0
32.0
23.0
30.0
30.0
33.0
32.0
26.0
36.0
27.0
28.0
33.0
31.0
