1724.0
1717.0
1675.0
1750.0
1725.0
1728.0
1966.0
1932.0
1811.0
1967.0
1982.0
1861.0
1762.0
1783.0
1724.0
1736.0
1707.0
1816.0
1791.0
1816.0
1858.0
1708.0
1748.0
1727.0
1770.0
1736.0
1764.0
1697.0
1923.0
1774.0
1892.0
1974.0
1717.0
1710.0
1759.0
1738.0
1772.0
1762.0
1748.0
1775.0
1787.0
1681.0
1731.0
1696.0
1735.0
1736.0
1727.0
1699.0
1790.0
1679.0
1713.0
1708.0
1786.0
1775.0
1749.0
1769.0
1711.0
1722.0
1760.0
1736.0
1721.0
1747.0
1737.0
1635.0
1752.0
1778.0
1758.0
1750.0
1629.0
1724.0
1764.0
1637.0
1739.0
1657.0
1722.0
1759.0
1701.0
1769.0
1752.0
1744.0
1973.0
1908.0
1987.0
1885.0
1755.0
1799.0
1804.0
1741.0
1675.0
1670.0
1767.0
1673.0
1793.0
1742.0
1751.0
1779.0
1734.0
1688.0
1786.0
1806.0
