436.0
433.0
440.0
447.0
416.0
434.0
411.0
425.0
404.0
423.0
421.0
425.0
444.0
473.0
431.0
424.0
423.0
427.0
470.0
410.0
460.0
443.0
424.0
426.0
464.0
439.0
433.0
433.0
413.0
409.0
427.0
450.0
441.0
411.0
415.0
437.0
416.0
427.0
447.0
435.0
421.0
445.0
424.0
437.0
454.0
475.0
463.0
422.0
438.0
417.0
453.0
433.0
413.0
424.0
441.0
454.0
438.0
445.0
430.0
431.0
411.0
428.0
435.0
422.0
426.0
430.0
428.0
436.0
452.0
428.0
414.0
428.0
410.0
462.0
416.0
475.0
427.0
424.0
435.0
427.0
443.0
432.0
428.0
433.0
470.0
450.0
471.0
426.0
436.0
443.0
433.0
414.0
420.0
430.0
416.0
439.0
426.0
485.0
413.0
464.0
