191.0
238.0
226.0
232.0
199.0
191.0
177.0
182.0
192.0
210.0
180.0
181.0
181.0
207.0
196.0
170.0
203.0
191.0
169.0
182.0
182.0
195.0
186.0
197.0
220.0
176.0
188.0
186.0
185.0
186.0
165.0
192.0
190.0
193.0
190.0
160.0
195.0
184.0
191.0
240.0
197.0
184.0
206.0
195.0
218.0
203.0
186.0
211.0
198.0
238.0
183.0
205.0
203.0
184.0
191.0
185.0
187.0
200.0
176.0
201.0
167.0
184.0
193.0
189.0
183.0
182.0
178.0
179.0
191.0
194.0
184.0
184.0
180.0
181.0
188.0
180.0
176.0
207.0
189.0
173.0
182.0
197.0
205.0
192.0
194.0
176.0
184.0
185.0
198.0
177.0
177.0
195.0
200.0
184.0
182.0
190.0
174.0
181.0
202.0
167.0
