798.0
762.0
765.0
777.0
777.0
767.0
819.0
746.0
757.0
778.0
798.0
789.0
775.0
775.0
815.0
776.0
764.0
735.0
735.0
750.0
804.0
818.0
768.0
965.0
815.0
823.0
782.0
998.0
829.0
836.0
947.0
842.0
847.0
881.0
853.0
793.0
778.0
795.0
816.0
810.0
836.0
848.0
883.0
752.0
765.0
746.0
798.0
746.0
792.0
783.0
755.0
746.0
771.0
756.0
765.0
794.0
743.0
786.0
766.0
780.0
760.0
773.0
773.0
780.0
794.0
785.0
750.0
759.0
757.0
759.0
757.0
766.0
806.0
775.0
809.0
773.0
759.0
782.0
801.0
745.0
807.0
764.0
774.0
775.0
745.0
780.0
756.0
733.0
787.0
773.0
786.0
767.0
757.0
781.0
746.0
761.0
766.0
770.0
765.0
756.0
