6579.0
6272.0
6681.0
6242.0
6478.0
6322.0
6207.0
6216.0
6379.0
6186.0
6366.0
6265.0
6393.0
6428.0
6513.0
6323.0
6319.0
6302.0
6363.0
6448.0
6274.0
6364.0
6389.0
6202.0
6366.0
6208.0
6339.0
6356.0
6162.0
6361.0
6397.0
6246.0
6403.0
6360.0
6365.0
6088.0
6294.0
6304.0
6355.0
6539.0
6211.0
6284.0
6200.0
6321.0
6409.0
6240.0
6199.0
6516.0
6354.0
6108.0
6319.0
6343.0
6365.0
6397.0
6305.0
6330.0
6303.0
6143.0
6211.0
6350.0
6449.0
6248.0
6154.0
6415.0
6391.0
6329.0
6226.0
6302.0
6332.0
6293.0
6322.0
6457.0
6465.0
6450.0
6270.0
6334.0
6269.0
6278.0
6374.0
6272.0
6190.0
6232.0
6441.0
6318.0
6512.0
6354.0
6343.0
6208.0
6353.0
6229.0
6373.0
6349.0
6244.0
6382.0
6366.0
6241.0
6380.0
6409.0
6474.0
6394.0
