3634.0
3291.0
3225.0
3203.0
3179.0
3129.0
3112.0
3091.0
3029.0
3169.0
3152.0
3041.0
3193.0
3070.0
3112.0
3198.0
3212.0
3141.0
3123.0
3052.0
3095.0
3732.0
3198.0
3158.0
3206.0
3137.0
3148.0
3190.0
3613.0
3247.0
3072.0
3091.0
3197.0
3133.0
3005.0
3148.0
3099.0
3070.0
2895.0
3091.0
2925.0
2917.0
2988.0
2911.0
2952.0
2857.0
2950.0
2857.0
2881.0
2945.0
2934.0
2993.0
2891.0
2985.0
2928.0
2899.0
3033.0
2870.0
2882.0
2974.0
2847.0
2925.0
3497.0
2991.0
2880.0
2985.0
2962.0
2918.0
2923.0
3277.0
2964.0
2953.0
3044.0
2989.0
3470.0
2961.0
2999.0
2865.0
2880.0
2901.0
2849.0
2979.0
3506.0
3182.0
2932.0
2870.0
2912.0
2957.0
3054.0
2926.0
2934.0
2882.0
2893.0
2963.0
2909.0
2889.0
2915.0
2912.0
3005.0
2997.0
