3838.0
2784.0
2933.0
2935.0
2804.0
2753.0
2696.0
2772.0
2747.0
2762.0
2801.0
2738.0
2745.0
2770.0
2778.0
2781.0
2724.0
2740.0
2717.0
2756.0
2845.0
2841.0
2785.0
2742.0
2790.0
2725.0
2729.0
2738.0
2763.0
2649.0
2763.0
2836.0
2763.0
2825.0
2760.0
2806.0
2770.0
2756.0
2795.0
2911.0
2934.0
2776.0
2723.0
2710.0
2769.0
2727.0
2693.0
2692.0
2731.0
4057.0
2786.0
2704.0
2801.0
2727.0
2741.0
2679.0
2815.0
2752.0
2719.0
2810.0
2758.0
3951.0
2768.0
2794.0
2712.0
2694.0
2751.0
2652.0
2764.0
2719.0
2785.0
2772.0
2776.0
2734.0
2723.0
2821.0
2851.0
2787.0
2706.0
2741.0
2749.0
2800.0
2756.0
2752.0
2770.0
2761.0
2759.0
2778.0
2735.0
2712.0
2713.0
2718.0
2751.0
2742.0
2828.0
2776.0
2722.0
2754.0
2763.0
2639.0
