1245.0
1197.0
1191.0
1198.0
1176.0
1181.0
1205.0
1186.0
1223.0
1221.0
1186.0
1207.0
1184.0
1208.0
1208.0
1249.0
1233.0
1187.0
1188.0
1175.0
1213.0
1148.0
1157.0
1185.0
1251.0
1253.0
1181.0
1223.0
1169.0
1202.0
1188.0
1218.0
1232.0
1148.0
1229.0
1236.0
1246.0
1242.0
1156.0
1179.0
1217.0
1201.0
1198.0
1244.0
1188.0
1198.0
1234.0
1187.0
1207.0
1226.0
1189.0
1206.0
1206.0
1212.0
1199.0
1186.0
1208.0
1182.0
1186.0
1202.0
1200.0
1229.0
1200.0
1214.0
1181.0
1215.0
1162.0
1218.0
1196.0
1172.0
1236.0
1208.0
1211.0
1215.0
1188.0
1198.0
1225.0
1194.0
1217.0
1214.0
1178.0
1220.0
1166.0
1217.0
1251.0
1189.0
1241.0
1141.0
1220.0
1224.0
1189.0
1164.0
1173.0
1149.0
1220.0
1242.0
1184.0
1190.0
1155.0
1197.0
