84.0
65.0
62.0
72.0
95.0
85.0
62.0
76.0
72.0
101.0
74.0
48.0
79.0
94.0
91.0
97.0
86.0
72.0
61.0
62.0
86.0
84.0
70.0
91.0
86.0
78.0
78.0
47.0
59.0
90.0
48.0
56.0
64.0
81.0
82.0
80.0
70.0
72.0
68.0
48.0
51.0
74.0
90.0
83.0
67.0
78.0
83.0
55.0
49.0
71.0
73.0
86.0
49.0
90.0
68.0
85.0
72.0
56.0
71.0
83.0
72.0
82.0
78.0
76.0
98.0
75.0
86.0
70.0
48.0
75.0
52.0
76.0
68.0
80.0
53.0
49.0
80.0
103.0
54.0
68.0
83.0
49.0
85.0
65.0
52.0
72.0
72.0
72.0
77.0
113.0
84.0
87.0
73.0
82.0
71.0
76.0
59.0
49.0
77.0
81.0
