5368.0
5610.0
5423.0
5317.0
5002.0
4969.0
5182.0
4827.0
5031.0
5006.0
5154.0
5173.0
4920.0
5266.0
5095.0
4909.0
4993.0
5046.0
4854.0
5252.0
4914.0
5115.0
4992.0
5464.0
5251.0
5740.0
5327.0
5231.0
5042.0
5583.0
5246.0
5816.0
5300.0
5062.0
5446.0
5408.0
4997.0
5802.0
5517.0
5265.0
5087.0
4963.0
5093.0
5136.0
5144.0
5125.0
5135.0
5117.0
5096.0
4837.0
5107.0
5270.0
4832.0
4894.0
4926.0
4993.0
5145.0
5178.0
5089.0
5094.0
5688.0
5093.0
5398.0
5080.0
5248.0
4985.0
5252.0
5173.0
5333.0
5238.0
5122.0
5175.0
5004.0
5036.0
4988.0
5827.0
5234.0
4969.0
4917.0
5111.0
5066.0
5221.0
5157.0
5452.0
4973.0
4868.0
5118.0
5211.0
5054.0
5026.0
5015.0
4857.0
4949.0
5404.0
5291.0
5593.0
5450.0
5281.0
5284.0
4980.0
