23.0
19.0
26.0
23.0
25.0
29.0
31.0
24.0
39.0
30.0
18.0
21.0
22.0
20.0
21.0
34.0
21.0
31.0
24.0
31.0
26.0
25.0
16.0
31.0
18.0
23.0
30.0
19.0
38.0
25.0
17.0
17.0
29.0
29.0
29.0
40.0
25.0
34.0
27.0
44.0
16.0
22.0
21.0
23.0
24.0
37.0
19.0
29.0
29.0
20.0
29.0
27.0
19.0
31.0
16.0
34.0
19.0
18.0
17.0
28.0
25.0
19.0
19.0
19.0
16.0
23.0
26.0
29.0
27.0
24.0
33.0
19.0
18.0
27.0
30.0
23.0
20.0
30.0
18.0
25.0
24.0
34.0
20.0
24.0
22.0
18.0
28.0
31.0
21.0
24.0
31.0
25.0
16.0
24.0
33.0
18.0
27.0
29.0
17.0
31.0
