228.0
212.0
332.0
568.0
199.0
218.0
195.0
257.0
239.0
228.0
176.0
261.0
240.0
191.0
200.0
189.0
188.0
176.0
205.0
191.0
511.0
192.0
322.0
204.0
212.0
220.0
204.0
196.0
201.0
211.0
230.0
210.0
238.0
214.0
233.0
226.0
220.0
202.0
200.0
215.0
214.0
205.0
229.0
234.0
588.0
198.0
625.0
226.0
538.0
246.0
192.0
211.0
194.0
200.0
209.0
594.0
225.0
216.0
212.0
208.0
198.0
212.0
204.0
214.0
205.0
189.0
210.0
221.0
209.0
206.0
197.0
193.0
236.0
203.0
213.0
214.0
216.0
197.0
206.0
194.0
205.0
264.0
205.0
208.0
240.0
219.0
192.0
192.0
234.0
202.0
211.0
200.0
212.0
199.0
233.0
213.0
602.0
230.0
217.0
566.0
