1804.0
1855.0
1856.0
1686.0
1765.0
1804.0
1762.0
1888.0
1745.0
1772.0
1773.0
1841.0
1756.0
1888.0
1770.0
1992.0
1818.0
1792.0
1771.0
1778.0
1821.0
1776.0
1695.0
1673.0
1902.0
1799.0
1695.0
2001.0
1866.0
1827.0
1719.0
1940.0
1888.0
1665.0
1696.0
1718.0
1825.0
1876.0
1779.0
1855.0
1828.0
1817.0
1854.0
1748.0
1660.0
1738.0
1789.0
1733.0
1727.0
1782.0
1674.0
1690.0
1742.0
1716.0
1714.0
1768.0
1653.0
1775.0
1631.0
1732.0
1649.0
1707.0
1719.0
1658.0
1676.0
1706.0
1705.0
1654.0
1657.0
1732.0
1747.0
1693.0
1690.0
1786.0
1746.0
1694.0
1709.0
1708.0
1702.0
1679.0
1675.0
1682.0
1673.0
1678.0
1728.0
1620.0
1750.0
1635.0
1744.0
1659.0
1750.0
1717.0
1644.0
1759.0
1671.0
1726.0
1660.0
1699.0
1720.0
1675.0
