826.0
841.0
889.0
748.0
816.0
804.0
790.0
766.0
812.0
808.0
756.0
825.0
770.0
884.0
815.0
746.0
811.0
785.0
730.0
803.0
775.0
765.0
732.0
755.0
787.0
779.0
869.0
751.0
806.0
721.0
769.0
839.0
752.0
760.0
774.0
732.0
792.0
799.0
852.0
976.0
724.0
741.0
783.0
776.0
907.0
807.0
752.0
964.0
746.0
794.0
865.0
736.0
778.0
881.0
743.0
757.0
799.0
741.0
729.0
738.0
770.0
736.0
750.0
779.0
729.0
835.0
822.0
748.0
883.0
1011.0
808.0
763.0
751.0
766.0
788.0
741.0
739.0
760.0
749.0
759.0
754.0
914.0
782.0
746.0
767.0
933.0
805.0
732.0
884.0
883.0
766.0
759.0
781.0
772.0
726.0
740.0
776.0
765.0
809.0
793.0
