9492.0
8868.0
9034.0
9237.0
8603.0
8825.0
8458.0
8119.0
8517.0
8735.0
8981.0
8384.0
9118.0
8566.0
8522.0
8609.0
8820.0
9116.0
8280.0
8736.0
8418.0
8809.0
8667.0
9009.0
8572.0
8615.0
8602.0
8479.0
8730.0
8633.0
8346.0
8810.0
8263.0
8483.0
8354.0
8329.0
8184.0
8214.0
8473.0
8520.0
8714.0
8526.0
8479.0
8303.0
8055.0
8241.0
8543.0
8638.0
8505.0
8404.0
9342.0
8557.0
8203.0
8190.0
8533.0
8266.0
8393.0
8435.0
8486.0
8127.0
8295.0
8071.0
8201.0
8560.0
8359.0
8515.0
8640.0
8264.0
8709.0
8266.0
8114.0
8102.0
8104.0
8181.0
8239.0
8480.0
8370.0
8302.0
8267.0
8146.0
8548.0
8666.0
8128.0
8321.0
8003.0
8563.0
8180.0
8157.0
8460.0
8475.0
8235.0
8205.0
8518.0
8531.0
8210.0
8515.0
8087.0
8336.0
8019.0
8118.0
