2426.0
2437.0
2294.0
2393.0
2487.0
2670.0
2271.0
2443.0
2380.0
2217.0
2223.0
2244.0
2369.0
2211.0
2214.0
2298.0
2300.0
2227.0
2443.0
2375.0
2393.0
2314.0
2262.0
2802.0
2474.0
2590.0
2481.0
2710.0
2305.0
2329.0
2287.0
2331.0
2236.0
2267.0
2345.0
2393.0
2538.0
2480.0
2489.0
2381.0
2346.0
2567.0
2377.0
2347.0
2444.0
2497.0
2312.0
2452.0
2384.0
2337.0
2344.0
2289.0
2303.0
2298.0
2239.0
2346.0
2185.0
2327.0
2336.0
2295.0
2349.0
2386.0
2283.0
2450.0
2351.0
2471.0
2358.0
2422.0
2517.0
2438.0
2513.0
2586.0
2437.0
2344.0
2383.0
2294.0
2480.0
2393.0
2236.0
2449.0
2470.0
2392.0
2232.0
2241.0
2402.0
2425.0
2308.0
2264.0
2391.0
2294.0
2345.0
2295.0
2294.0
2437.0
2406.0
2332.0
2205.0
2343.0
2332.0
2378.0
