490.0
1031.0
544.0
473.0
399.0
419.0
429.0
408.0
467.0
430.0
486.0
485.0
1061.0
432.0
1042.0
413.0
410.0
399.0
910.0
1062.0
406.0
419.0
425.0
411.0
395.0
1026.0
409.0
405.0
1003.0
417.0
903.0
410.0
415.0
411.0
415.0
417.0
397.0
411.0
401.0
1023.0
449.0
402.0
406.0
907.0
430.0
398.0
405.0
420.0
974.0
421.0
420.0
419.0
401.0
879.0
409.0
452.0
394.0
438.0
400.0
413.0
401.0
1012.0
417.0
414.0
979.0
442.0
478.0
409.0
411.0
1149.0
410.0
434.0
407.0
411.0
430.0
407.0
414.0
393.0
400.0
409.0
408.0
402.0
412.0
1011.0
421.0
437.0
425.0
412.0
395.0
405.0
406.0
408.0
429.0
417.0
421.0
412.0
407.0
411.0
422.0
418.0
