12896.0
12376.0
12950.0
12686.0
12330.0
12855.0
12611.0
12815.0
13009.0
12774.0
12188.0
12710.0
12403.0
13297.0
13097.0
12967.0
12789.0
13031.0
11931.0
13323.0
12464.0
13073.0
12805.0
12428.0
12492.0
12677.0
12778.0
12102.0
12333.0
12488.0
12406.0
12349.0
13162.0
13025.0
12318.0
12726.0
12733.0
13111.0
14347.0
12328.0
12227.0
12444.0
12524.0
12185.0
14357.0
16532.0
14081.0
13254.0
14073.0
14569.0
12853.0
13747.0
12633.0
13974.0
12554.0
12733.0
13398.0
14425.0
13495.0
12514.0
13324.0
13367.0
12801.0
12847.0
12354.0
12775.0
13210.0
13399.0
12925.0
13483.0
13098.0
13614.0
13288.0
12870.0
12842.0
12891.0
13579.0
12940.0
13209.0
13342.0
12396.0
13041.0
14303.0
13226.0
13137.0
13407.0
12659.0
12470.0
14039.0
13689.0
13372.0
13090.0
12982.0
13349.0
13124.0
13319.0
12848.0
13391.0
13276.0
12865.0
