53.0
52.0
67.0
66.0
45.0
57.0
62.0
61.0
51.0
53.0
75.0
98.0
95.0
49.0
52.0
75.0
49.0
52.0
49.0
67.0
57.0
46.0
50.0
61.0
69.0
84.0
50.0
50.0
77.0
50.0
61.0
45.0
62.0
66.0
81.0
73.0
62.0
51.0
52.0
59.0
75.0
48.0
47.0
91.0
69.0
51.0
65.0
51.0
57.0
74.0
51.0
57.0
48.0
72.0
60.0
78.0
58.0
57.0
66.0
78.0
89.0
49.0
50.0
77.0
53.0
68.0
51.0
47.0
77.0
46.0
57.0
51.0
71.0
53.0
58.0
57.0
78.0
57.0
56.0
69.0
48.0
64.0
52.0
49.0
59.0
53.0
50.0
52.0
67.0
44.0
61.0
75.0
57.0
73.0
60.0
53.0
52.0
59.0
82.0
73.0
