4046.0
4266.0
4170.0
4306.0
4111.0
3896.0
4021.0
5371.0
4288.0
4097.0
4132.0
3842.0
4019.0
4072.0
3944.0
4015.0
3899.0
4085.0
4005.0
4026.0
4453.0
4038.0
4070.0
4330.0
4016.0
4469.0
4039.0
4267.0
4143.0
4229.0
4187.0
3915.0
3852.0
3974.0
3961.0
3953.0
3850.0
3981.0
3953.0
4001.0
3907.0
4248.0
3921.0
3987.0
3804.0
3783.0
4000.0
3922.0
3879.0
4016.0
3894.0
4058.0
3983.0
3882.0
4056.0
3959.0
3942.0
3754.0
3981.0
4037.0
3866.0
3820.0
3996.0
4078.0
3983.0
4143.0
3841.0
4116.0
4182.0
4245.0
4390.0
4164.0
3944.0
3874.0
4112.0
3910.0
4013.0
4105.0
4102.0
4080.0
4262.0
4616.0
4892.0
4141.0
4350.0
4570.0
4445.0
4236.0
4092.0
4715.0
4435.0
4256.0
4394.0
4351.0
4695.0
4390.0
3864.0
4325.0
3924.0
3930.0
