1225.0
1140.0
1155.0
1199.0
1150.0
1156.0
1151.0
1158.0
1137.0
1135.0
1190.0
1190.0
1184.0
1211.0
1157.0
1152.0
1240.0
1194.0
1119.0
1150.0
1156.0
1207.0
1125.0
1194.0
1151.0
1146.0
1120.0
1129.0
1148.0
1167.0
1173.0
1154.0
1182.0
1159.0
1199.0
1153.0
1165.0
1193.0
1131.0
1182.0
1170.0
1164.0
1212.0
1113.0
1179.0
1141.0
1197.0
1183.0
1190.0
1181.0
1119.0
1178.0
1169.0
1162.0
1178.0
1225.0
1191.0
1179.0
1184.0
1141.0
1176.0
1135.0
1168.0
1135.0
1301.0
1161.0
1200.0
1128.0
1196.0
1150.0
1183.0
1218.0
1186.0
1217.0
1200.0
1151.0
1258.0
1188.0
1167.0
1140.0
1165.0
1186.0
1206.0
1182.0
1178.0
1291.0
1180.0
1175.0
1231.0
1133.0
1128.0
1174.0
1223.0
1158.0
1186.0
1125.0
1183.0
1138.0
1243.0
1142.0
