6041.0
5975.0
5769.0
6054.0
5975.0
5878.0
6047.0
6052.0
6038.0
6076.0
5885.0
5878.0
5943.0
6080.0
5710.0
5881.0
6029.0
6040.0
5832.0
5954.0
5980.0
6019.0
5801.0
5980.0
5716.0
5762.0
6013.0
5964.0
5991.0
6020.0
5973.0
5938.0
5731.0
5752.0
5987.0
6011.0
5769.0
5833.0
5881.0
5995.0
5971.0
5965.0
5897.0
5933.0
5820.0
6023.0
6102.0
6109.0
5969.0
5950.0
5992.0
5943.0
6008.0
5947.0
5889.0
6141.0
6419.0
6024.0
5914.0
5794.0
6057.0
5941.0
5934.0
6618.0
6548.0
6459.0
6279.0
6081.0
5792.0
5851.0
5935.0
5887.0
5844.0
6023.0
5993.0
5756.0
6002.0
5980.0
6034.0
6009.0
5946.0
6018.0
5917.0
5931.0
5998.0
5799.0
5888.0
5936.0
6085.0
6042.0
5924.0
6187.0
6225.0
6087.0
6123.0
6117.0
6248.0
5944.0
5783.0
5957.0
