3047.0
3070.0
3237.0
3064.0
3044.0
2957.0
3128.0
3012.0
3078.0
3057.0
3181.0
3030.0
3040.0
3035.0
3014.0
3005.0
3061.0
3152.0
3067.0
3070.0
3042.0
3006.0
3043.0
3058.0
3063.0
3050.0
3079.0
3098.0
3047.0
3062.0
3117.0
3062.0
3047.0
3036.0
3011.0
3143.0
3027.0
3178.0
3041.0
3115.0
2955.0
3081.0
3064.0
3015.0
2996.0
3047.0
3075.0
3054.0
3198.0
3070.0
3052.0
2989.0
3224.0
3057.0
3185.0
3025.0
3069.0
3134.0
3082.0
2996.0
3024.0
3099.0
3026.0
3081.0
3140.0
3047.0
2961.0
3040.0
3135.0
3078.0
3099.0
3026.0
3084.0
3091.0
3296.0
3081.0
2968.0
3059.0
3030.0
3083.0
3022.0
3045.0
3100.0
3045.0
3043.0
3260.0
3049.0
2987.0
3082.0
3065.0
3055.0
3071.0
2997.0
3103.0
3102.0
3186.0
3244.0
2998.0
3181.0
3226.0
