4286.0
4820.0
4482.0
4234.0
4171.0
4209.0
4307.0
4176.0
4115.0
4199.0
4241.0
4195.0
4007.0
4131.0
4308.0
4220.0
4211.0
4082.0
4266.0
4194.0
5077.0
4258.0
4371.0
4331.0
4095.0
4135.0
4056.0
4313.0
4309.0
4130.0
4402.0
4212.0
4150.0
4903.0
4251.0
4524.0
4241.0
4132.0
4219.0
4196.0
4117.0
4132.0
4306.0
4203.0
4152.0
4147.0
4232.0
4194.0
4205.0
4161.0
4118.0
4143.0
4213.0
4078.0
4215.0
4156.0
4213.0
4161.0
4201.0
4269.0
4081.0
4130.0
4327.0
4059.0
4183.0
4140.0
4125.0
4173.0
4076.0
4076.0
4356.0
4142.0
4273.0
4165.0
4195.0
4004.0
4179.0
4776.0
4445.0
4223.0
4196.0
4142.0
4173.0
4207.0
4260.0
4289.0
4112.0
4171.0
4216.0
4193.0
4110.0
4183.0
4067.0
4252.0
4444.0
4222.0
4157.0
4121.0
4142.0
4256.0
