6191.0
7110.0
7381.0
7107.0
6810.0
6850.0
6136.0
5835.0
6882.0
6395.0
6128.0
6864.0
6737.0
7822.0
7397.0
7424.0
7431.0
7380.0
7338.0
7870.0
6960.0
7464.0
7616.0
7166.0
6369.0
6148.0
6074.0
6101.0
5854.0
6064.0
6071.0
5931.0
5645.0
5791.0
5979.0
5905.0
5877.0
5882.0
5754.0
5855.0
5858.0
6000.0
5967.0
5743.0
6012.0
5965.0
5808.0
5782.0
5779.0
5675.0
5671.0
5842.0
5899.0
5857.0
5854.0
5809.0
5717.0
5937.0
5930.0
5894.0
5975.0
5890.0
5924.0
6118.0
6025.0
5949.0
5970.0
5681.0
5875.0
6354.0
7465.0
6532.0
5780.0
5921.0
5958.0
5975.0
5959.0
5876.0
5847.0
5910.0
5980.0
5909.0
5996.0
5797.0
5961.0
5893.0
5674.0
5989.0
5730.0
5902.0
5827.0
6021.0
5779.0
5886.0
5915.0
5910.0
5998.0
5919.0
5882.0
5857.0
