6526.0
6699.0
6520.0
6356.0
6806.0
6568.0
6257.0
6343.0
6738.0
6463.0
6277.0
6365.0
6380.0
6473.0
6432.0
6551.0
6417.0
6203.0
6501.0
6289.0
6570.0
6444.0
6357.0
6112.0
6353.0
6197.0
6033.0
6081.0
6240.0
6304.0
6965.0
7145.0
6574.0
6598.0
6482.0
6558.0
6677.0
6504.0
6580.0
6363.0
6100.0
6449.0
6518.0
6486.0
6426.0
7279.0
6642.0
6381.0
6854.0
6553.0
6473.0
6400.0
6504.0
6580.0
6614.0
6418.0
6112.0
6484.0
6382.0
6321.0
6225.0
6445.0
6424.0
6329.0
6327.0
6357.0
6270.0
5971.0
6327.0
6359.0
6272.0
6226.0
6398.0
6119.0
6389.0
6314.0
6483.0
6317.0
6076.0
6350.0
6419.0
6416.0
6344.0
6421.0
6192.0
6474.0
6422.0
6329.0
6355.0
6459.0
6213.0
6412.0
6311.0
6460.0
6728.0
6267.0
6318.0
6454.0
6264.0
6329.0
