3302.0
3334.0
3116.0
3133.0
3325.0
3182.0
3257.0
3216.0
3338.0
3315.0
3323.0
3458.0
3239.0
3819.0
3414.0
3471.0
3369.0
3587.0
3191.0
3488.0
3326.0
3311.0
3380.0
3421.0
3298.0
3344.0
3369.0
3286.0
3482.0
3171.0
3343.0
3178.0
3345.0
3377.0
3641.0
3647.0
3240.0
3366.0
3396.0
3558.0
3384.0
3317.0
3446.0
3376.0
3356.0
3221.0
3251.0
3387.0
3315.0
3454.0
3431.0
3432.0
3257.0
3222.0
3396.0
3375.0
3358.0
3119.0
3290.0
3318.0
3420.0
3318.0
3250.0
3372.0
3337.0
3116.0
3350.0
3291.0
3397.0
3429.0
3177.0
3135.0
3403.0
3662.0
3218.0
3372.0
3495.0
3484.0
3591.0
3240.0
3332.0
3530.0
3363.0
3207.0
3218.0
3108.0
3200.0
3480.0
3399.0
3343.0
3143.0
3226.0
3290.0
3369.0
3341.0
3310.0
3288.0
3386.0
3182.0
3551.0
