381.0
841.0
359.0
807.0
373.0
339.0
348.0
315.0
331.0
362.0
368.0
360.0
339.0
322.0
310.0
313.0
319.0
774.0
319.0
394.0
345.0
863.0
341.0
337.0
346.0
311.0
321.0
325.0
351.0
356.0
322.0
378.0
698.0
320.0
374.0
376.0
334.0
703.0
311.0
328.0
346.0
337.0
343.0
370.0
364.0
318.0
839.0
351.0
330.0
316.0
353.0
307.0
333.0
837.0
365.0
340.0
317.0
317.0
324.0
343.0
313.0
322.0
334.0
742.0
340.0
317.0
326.0
330.0
311.0
357.0
369.0
350.0
355.0
367.0
393.0
315.0
327.0
321.0
335.0
360.0
352.0
827.0
355.0
308.0
331.0
329.0
340.0
828.0
347.0
375.0
364.0
313.0
349.0
361.0
347.0
323.0
328.0
321.0
334.0
340.0
