337.0
305.0
334.0
393.0
834.0
313.0
321.0
307.0
320.0
321.0
827.0
319.0
347.0
318.0
328.0
375.0
321.0
323.0
341.0
337.0
319.0
345.0
330.0
319.0
309.0
316.0
311.0
358.0
359.0
808.0
324.0
357.0
332.0
358.0
673.0
758.0
322.0
395.0
353.0
365.0
315.0
325.0
343.0
307.0
325.0
335.0
311.0
327.0
328.0
365.0
325.0
337.0
331.0
321.0
312.0
310.0
337.0
317.0
814.0
337.0
323.0
329.0
334.0
302.0
320.0
320.0
310.0
358.0
330.0
316.0
329.0
313.0
324.0
356.0
324.0
333.0
313.0
317.0
323.0
326.0
710.0
855.0
325.0
822.0
343.0
336.0
356.0
343.0
319.0
331.0
320.0
411.0
990.0
360.0
770.0
748.0
313.0
380.0
348.0
340.0
