410.0
394.0
352.0
395.0
364.0
392.0
344.0
374.0
407.0
524.0
398.0
389.0
485.0
394.0
327.0
426.0
449.0
408.0
439.0
393.0
380.0
372.0
368.0
364.0
349.0
388.0
378.0
356.0
352.0
348.0
380.0
383.0
370.0
382.0
374.0
408.0
364.0
371.0
378.0
380.0
375.0
369.0
351.0
370.0
378.0
376.0
376.0
409.0
377.0
405.0
375.0
374.0
353.0
356.0
358.0
393.0
376.0
385.0
379.0
392.0
395.0
387.0
347.0
399.0
380.0
355.0
349.0
370.0
383.0
382.0
365.0
371.0
369.0
379.0
380.0
391.0
369.0
377.0
380.0
379.0
380.0
360.0
379.0
374.0
390.0
392.0
381.0
367.0
381.0
372.0
394.0
363.0
374.0
360.0
408.0
370.0
374.0
389.0
373.0
386.0
