379.0
368.0
376.0
388.0
379.0
447.0
371.0
403.0
374.0
415.0
410.0
413.0
389.0
363.0
325.0
341.0
416.0
386.0
410.0
416.0
407.0
406.0
411.0
369.0
344.0
375.0
385.0
356.0
411.0
386.0
445.0
378.0
326.0
368.0
364.0
381.0
376.0
383.0
381.0
391.0
420.0
478.0
408.0
374.0
456.0
383.0
405.0
447.0
414.0
490.0
355.0
381.0
397.0
363.0
386.0
380.0
401.0
372.0
359.0
381.0
376.0
339.0
348.0
388.0
382.0
351.0
379.0
369.0
349.0
362.0
343.0
364.0
371.0
383.0
352.0
384.0
363.0
407.0
390.0
390.0
423.0
360.0
366.0
408.0
368.0
369.0
390.0
384.0
411.0
381.0
376.0
403.0
375.0
410.0
403.0
387.0
374.0
395.0
352.0
386.0
