459.0
414.0
347.0
369.0
362.0
375.0
377.0
373.0
373.0
433.0
375.0
369.0
329.0
399.0
362.0
352.0
373.0
374.0
357.0
362.0
348.0
370.0
367.0
369.0
370.0
408.0
443.0
386.0
385.0
375.0
386.0
373.0
379.0
368.0
368.0
344.0
376.0
375.0
372.0
363.0
370.0
379.0
379.0
369.0
377.0
367.0
399.0
343.0
366.0
376.0
381.0
377.0
370.0
381.0
387.0
375.0
385.0
382.0
359.0
375.0
387.0
337.0
370.0
375.0
391.0
384.0
359.0
421.0
355.0
372.0
393.0
378.0
399.0
355.0
368.0
341.0
380.0
385.0
349.0
398.0
349.0
363.0
353.0
381.0
384.0
370.0
373.0
373.0
358.0
373.0
375.0
352.0
395.0
345.0
334.0
375.0
350.0
353.0
373.0
387.0
