413.0
328.0
362.0
378.0
387.0
372.0
367.0
371.0
397.0
333.0
375.0
379.0
380.0
362.0
381.0
455.0
363.0
372.0
397.0
389.0
362.0
366.0
369.0
397.0
339.0
368.0
371.0
380.0
404.0
368.0
348.0
352.0
350.0
332.0
336.0
385.0
395.0
361.0
402.0
332.0
371.0
367.0
369.0
365.0
370.0
338.0
370.0
397.0
423.0
414.0
432.0
442.0
441.0
419.0
490.0
414.0
379.0
395.0
370.0
376.0
371.0
382.0
385.0
366.0
368.0
374.0
373.0
362.0
377.0
381.0
376.0
374.0
356.0
362.0
374.0
365.0
367.0
382.0
368.0
369.0
389.0
359.0
380.0
389.0
378.0
439.0
472.0
484.0
451.0
355.0
363.0
421.0
376.0
358.0
390.0
419.0
405.0
429.0
389.0
480.0
