382.0
410.0
340.0
326.0
327.0
389.0
363.0
361.0
374.0
401.0
356.0
367.0
379.0
379.0
361.0
353.0
363.0
385.0
380.0
374.0
376.0
394.0
367.0
374.0
370.0
361.0
362.0
374.0
337.0
406.0
370.0
373.0
338.0
380.0
359.0
372.0
379.0
411.0
396.0
349.0
340.0
383.0
375.0
368.0
367.0
390.0
367.0
391.0
374.0
383.0
371.0
367.0
365.0
379.0
360.0
396.0
380.0
370.0
379.0
363.0
370.0
374.0
368.0
364.0
390.0
363.0
369.0
380.0
373.0
375.0
338.0
371.0
386.0
361.0
373.0
339.0
355.0
366.0
368.0
347.0
435.0
364.0
363.0
380.0
401.0
395.0
398.0
370.0
395.0
380.0
374.0
360.0
409.0
393.0
368.0
368.0
407.0
378.0
378.0
365.0
