428.0
389.0
433.0
403.0
376.0
376.0
395.0
380.0
365.0
408.0
391.0
396.0
384.0
388.0
381.0
383.0
410.0
392.0
359.0
392.0
374.0
395.0
381.0
392.0
404.0
378.0
362.0
353.0
357.0
383.0
375.0
389.0
355.0
391.0
321.0
371.0
383.0
367.0
371.0
384.0
405.0
335.0
365.0
368.0
392.0
384.0
360.0
353.0
383.0
381.0
372.0
347.0
333.0
365.0
342.0
373.0
371.0
377.0
368.0
376.0
363.0
341.0
369.0
358.0
397.0
338.0
385.0
392.0
369.0
364.0
385.0
372.0
376.0
367.0
389.0
405.0
360.0
395.0
383.0
366.0
364.0
398.0
363.0
377.0
395.0
370.0
362.0
370.0
395.0
408.0
327.0
361.0
392.0
369.0
367.0
368.0
401.0
387.0
376.0
414.0
