398.0
419.0
420.0
482.0
398.0
432.0
430.0
458.0
419.0
409.0
382.0
419.0
409.0
384.0
414.0
512.0
419.0
364.0
430.0
422.0
403.0
395.0
410.0
387.0
412.0
425.0
335.0
468.0
392.0
372.0
502.0
428.0
491.0
533.0
463.0
402.0
413.0
424.0
409.0
392.0
388.0
373.0
397.0
339.0
348.0
415.0
350.0
365.0
395.0
386.0
381.0
382.0
371.0
488.0
411.0
446.0
381.0
431.0
370.0
354.0
379.0
406.0
378.0
379.0
364.0
398.0
382.0
364.0
355.0
416.0
390.0
382.0
403.0
376.0
367.0
420.0
382.0
372.0
363.0
388.0
467.0
497.0
393.0
396.0
362.0
399.0
371.0
437.0
514.0
429.0
382.0
430.0
385.0
364.0
387.0
376.0
360.0
382.0
387.0
398.0
