443.0
383.0
394.0
409.0
398.0
337.0
449.0
391.0
365.0
416.0
332.0
378.0
414.0
372.0
366.0
386.0
413.0
356.0
369.0
364.0
377.0
384.0
376.0
358.0
369.0
369.0
420.0
360.0
373.0
458.0
381.0
357.0
352.0
414.0
417.0
392.0
500.0
373.0
373.0
379.0
406.0
399.0
433.0
405.0
495.0
461.0
465.0
470.0
410.0
385.0
366.0
366.0
383.0
351.0
343.0
418.0
441.0
412.0
408.0
443.0
481.0
383.0
450.0
432.0
413.0
399.0
435.0
435.0
428.0
453.0
416.0
380.0
371.0
409.0
473.0
425.0
390.0
401.0
381.0
387.0
345.0
444.0
549.0
504.0
383.0
487.0
432.0
510.0
517.0
479.0
441.0
396.0
423.0
384.0
371.0
419.0
368.0
425.0
479.0
488.0
