398.0
383.0
430.0
334.0
417.0
390.0
383.0
369.0
349.0
372.0
368.0
376.0
375.0
400.0
370.0
357.0
384.0
386.0
376.0
367.0
371.0
405.0
372.0
396.0
382.0
409.0
353.0
394.0
363.0
399.0
364.0
366.0
380.0
395.0
377.0
385.0
369.0
388.0
377.0
348.0
372.0
376.0
389.0
384.0
379.0
355.0
344.0
385.0
379.0
350.0
394.0
370.0
398.0
379.0
393.0
378.0
372.0
397.0
376.0
361.0
380.0
349.0
361.0
386.0
413.0
382.0
353.0
335.0
396.0
343.0
380.0
343.0
357.0
377.0
385.0
343.0
380.0
367.0
387.0
394.0
383.0
376.0
400.0
388.0
391.0
354.0
367.0
414.0
386.0
376.0
367.0
337.0
361.0
374.0
375.0
382.0
381.0
358.0
374.0
418.0
