364.0
384.0
363.0
374.0
372.0
380.0
368.0
361.0
370.0
382.0
384.0
391.0
346.0
344.0
372.0
371.0
377.0
368.0
363.0
359.0
360.0
396.0
444.0
362.0
369.0
376.0
376.0
371.0
366.0
399.0
346.0
383.0
363.0
420.0
373.0
382.0
370.0
374.0
377.0
369.0
387.0
374.0
375.0
334.0
371.0
391.0
355.0
343.0
365.0
395.0
333.0
326.0
372.0
378.0
356.0
361.0
376.0
368.0
366.0
364.0
369.0
389.0
369.0
373.0
379.0
381.0
371.0
345.0
375.0
375.0
375.0
366.0
430.0
363.0
371.0
377.0
386.0
332.0
464.0
355.0
370.0
367.0
362.0
364.0
331.0
354.0
378.0
369.0
376.0
370.0
359.0
356.0
347.0
359.0
370.0
355.0
356.0
328.0
367.0
366.0
