351.0
369.0
317.0
368.0
358.0
376.0
362.0
363.0
358.0
362.0
346.0
356.0
339.0
351.0
368.0
376.0
361.0
369.0
362.0
374.0
362.0
378.0
435.0
398.0
343.0
353.0
345.0
367.0
364.0
406.0
386.0
367.0
370.0
371.0
314.0
375.0
374.0
362.0
379.0
344.0
359.0
383.0
406.0
395.0
362.0
462.0
412.0
383.0
371.0
356.0
396.0
406.0
364.0
424.0
385.0
420.0
415.0
372.0
379.0
395.0
351.0
370.0
349.0
369.0
365.0
375.0
369.0
368.0
413.0
379.0
364.0
396.0
367.0
355.0
378.0
373.0
359.0
358.0
342.0
364.0
376.0
355.0
363.0
366.0
362.0
376.0
392.0
385.0
423.0
373.0
349.0
373.0
370.0
356.0
363.0
393.0
353.0
364.0
365.0
356.0
