351.0
371.0
339.0
366.0
329.0
372.0
363.0
373.0
346.0
380.0
368.0
367.0
362.0
367.0
342.0
355.0
367.0
379.0
475.0
413.0
401.0
456.0
381.0
406.0
338.0
367.0
344.0
352.0
366.0
371.0
360.0
391.0
354.0
364.0
371.0
408.0
362.0
374.0
374.0
353.0
371.0
354.0
366.0
363.0
377.0
353.0
368.0
369.0
412.0
383.0
403.0
349.0
364.0
328.0
352.0
354.0
385.0
342.0
350.0
368.0
355.0
374.0
411.0
387.0
379.0
371.0
372.0
371.0
338.0
374.0
422.0
369.0
382.0
338.0
339.0
372.0
385.0
373.0
380.0
327.0
369.0
376.0
368.0
364.0
355.0
379.0
325.0
332.0
380.0
409.0
339.0
423.0
432.0
429.0
382.0
412.0
354.0
409.0
398.0
386.0
