400.0
352.0
362.0
358.0
384.0
375.0
376.0
366.0
319.0
366.0
376.0
376.0
348.0
384.0
391.0
442.0
382.0
425.0
416.0
382.0
356.0
369.0
420.0
383.0
379.0
368.0
369.0
355.0
378.0
377.0
331.0
352.0
373.0
368.0
358.0
354.0
384.0
376.0
388.0
355.0
366.0
370.0
372.0
344.0
377.0
376.0
398.0
352.0
382.0
363.0
358.0
376.0
387.0
320.0
365.0
373.0
375.0
396.0
367.0
367.0
377.0
401.0
372.0
342.0
376.0
378.0
367.0
376.0
376.0
385.0
361.0
373.0
378.0
368.0
375.0
342.0
356.0
381.0
414.0
379.0
378.0
363.0
376.0
364.0
338.0
382.0
372.0
374.0
396.0
378.0
383.0
379.0
401.0
366.0
366.0
380.0
357.0
381.0
352.0
379.0
