382.0
376.0
371.0
368.0
400.0
384.0
364.0
389.0
385.0
374.0
341.0
382.0
340.0
363.0
336.0
409.0
339.0
387.0
324.0
382.0
330.0
370.0
376.0
384.0
376.0
336.0
371.0
354.0
379.0
353.0
358.0
369.0
378.0
354.0
367.0
339.0
368.0
324.0
367.0
414.0
380.0
366.0
380.0
397.0
382.0
368.0
370.0
391.0
376.0
337.0
355.0
360.0
379.0
378.0
361.0
398.0
342.0
338.0
374.0
362.0
403.0
365.0
392.0
374.0
378.0
386.0
370.0
372.0
357.0
333.0
320.0
370.0
368.0
363.0
374.0
367.0
390.0
423.0
410.0
401.0
379.0
371.0
391.0
351.0
384.0
354.0
395.0
363.0
367.0
347.0
369.0
404.0
376.0
367.0
349.0
344.0
421.0
381.0
395.0
387.0
