380.0
400.0
337.0
381.0
377.0
403.0
415.0
379.0
362.0
405.0
384.0
366.0
370.0
339.0
426.0
392.0
372.0
398.0
364.0
373.0
356.0
374.0
374.0
397.0
395.0
361.0
401.0
367.0
354.0
411.0
374.0
388.0
405.0
397.0
433.0
422.0
411.0
395.0
376.0
387.0
406.0
359.0
385.0
438.0
433.0
381.0
390.0
370.0
347.0
368.0
426.0
379.0
336.0
384.0
388.0
395.0
405.0
448.0
460.0
397.0
396.0
415.0
416.0
353.0
370.0
370.0
408.0
402.0
342.0
366.0
359.0
388.0
422.0
384.0
417.0
407.0
373.0
390.0
474.0
405.0
389.0
405.0
383.0
352.0
428.0
359.0
371.0
407.0
408.0
419.0
386.0
363.0
380.0
363.0
318.0
372.0
364.0
383.0
382.0
347.0
