384.0
360.0
351.0
364.0
364.0
390.0
355.0
380.0
390.0
369.0
377.0
362.0
378.0
361.0
365.0
394.0
401.0
377.0
362.0
391.0
399.0
368.0
364.0
374.0
368.0
372.0
347.0
328.0
345.0
352.0
371.0
351.0
365.0
382.0
324.0
357.0
377.0
350.0
389.0
339.0
380.0
374.0
396.0
317.0
377.0
360.0
421.0
391.0
356.0
328.0
378.0
364.0
366.0
387.0
421.0
452.0
453.0
356.0
361.0
401.0
359.0
345.0
390.0
400.0
390.0
322.0
387.0
432.0
428.0
411.0
383.0
375.0
365.0
351.0
340.0
354.0
365.0
366.0
368.0
372.0
368.0
365.0
378.0
390.0
409.0
351.0
370.0
390.0
366.0
388.0
388.0
377.0
371.0
363.0
370.0
403.0
375.0
381.0
356.0
358.0
