351.0
385.0
363.0
366.0
373.0
375.0
402.0
418.0
418.0
394.0
395.0
434.0
386.0
387.0
380.0
375.0
360.0
376.0
353.0
364.0
369.0
377.0
377.0
333.0
410.0
393.0
372.0
378.0
389.0
384.0
397.0
370.0
388.0
454.0
405.0
430.0
406.0
382.0
371.0
401.0
369.0
447.0
395.0
442.0
418.0
397.0
355.0
418.0
387.0
387.0
416.0
416.0
400.0
378.0
425.0
387.0
419.0
440.0
402.0
395.0
453.0
438.0
467.0
452.0
437.0
431.0
443.0
398.0
402.0
475.0
379.0
449.0
417.0
406.0
458.0
390.0
441.0
467.0
570.0
462.0
445.0
466.0
426.0
412.0
441.0
393.0
437.0
423.0
391.0
516.0
375.0
426.0
372.0
382.0
401.0
486.0
466.0
474.0
435.0
408.0
