393.0
418.0
358.0
384.0
369.0
356.0
373.0
352.0
406.0
428.0
360.0
411.0
384.0
336.0
371.0
372.0
379.0
407.0
448.0
395.0
424.0
400.0
382.0
380.0
371.0
377.0
382.0
418.0
381.0
386.0
380.0
405.0
369.0
363.0
390.0
363.0
408.0
382.0
387.0
374.0
389.0
380.0
392.0
386.0
409.0
379.0
431.0
374.0
366.0
359.0
380.0
364.0
372.0
377.0
376.0
382.0
373.0
368.0
426.0
426.0
396.0
372.0
361.0
393.0
405.0
403.0
372.0
386.0
373.0
410.0
372.0
371.0
327.0
378.0
403.0
388.0
374.0
370.0
400.0
396.0
389.0
353.0
416.0
380.0
342.0
384.0
368.0
375.0
359.0
395.0
366.0
381.0
417.0
391.0
447.0
425.0
317.0
380.0
414.0
412.0
