681.0
509.0
630.0
505.0
383.0
514.0
566.0
540.0
413.0
365.0
455.0
429.0
495.0
605.0
619.0
423.0
573.0
582.0
594.0
436.0
407.0
426.0
458.0
457.0
460.0
424.0
430.0
479.0
562.0
450.0
623.0
643.0
657.0
510.0
438.0
504.0
695.0
467.0
490.0
513.0
671.0
429.0
725.0
492.0
432.0
389.0
462.0
554.0
400.0
521.0
502.0
388.0
465.0
578.0
608.0
432.0
524.0
718.0
578.0
637.0
542.0
513.0
406.0
488.0
424.0
431.0
471.0
442.0
595.0
431.0
490.0
515.0
425.0
466.0
456.0
491.0
593.0
497.0
506.0
621.0
551.0
570.0
541.0
530.0
591.0
539.0
347.0
363.0
367.0
400.0
366.0
403.0
353.0
326.0
372.0
368.0
360.0
392.0
373.0
368.0
