76.0
99.0
96.0
79.0
75.0
80.0
52.0
82.0
82.0
77.0
62.0
64.0
83.0
54.0
52.0
47.0
74.0
77.0
80.0
75.0
74.0
68.0
84.0
81.0
84.0
75.0
75.0
90.0
53.0
77.0
52.0
94.0
119.0
82.0
53.0
54.0
63.0
90.0
69.0
58.0
101.0
54.0
76.0
55.0
77.0
86.0
80.0
73.0
80.0
76.0
50.0
91.0
87.0
78.0
72.0
54.0
87.0
76.0
55.0
55.0
71.0
78.0
92.0
81.0
86.0
94.0
73.0
100.0
56.0
98.0
58.0
56.0
78.0
49.0
76.0
80.0
92.0
87.0
77.0
65.0
83.0
52.0
76.0
90.0
108.0
79.0
54.0
77.0
97.0
79.0
60.0
78.0
72.0
80.0
79.0
71.0
59.0
79.0
74.0
48.0
