5129.0
5203.0
5153.0
5254.0
4913.0
5237.0
5184.0
5313.0
5288.0
5079.0
5307.0
5630.0
5219.0
5235.0
5186.0
5256.0
5032.0
5059.0
5311.0
5304.0
5365.0
5202.0
5064.0
5345.0
5123.0
5158.0
5009.0
5282.0
5322.0
5244.0
5203.0
5262.0
5236.0
5012.0
5178.0
4914.0
4985.0
5366.0
5111.0
5308.0
5311.0
5241.0
5086.0
5249.0
5137.0
5142.0
5303.0
5237.0
5295.0
5186.0
5252.0
5279.0
5003.0
5336.0
5145.0
5250.0
5203.0
5065.0
5245.0
5110.0
5202.0
5227.0
5362.0
5209.0
5319.0
5178.0
5128.0
5249.0
5272.0
5204.0
5154.0
5168.0
5286.0
5317.0
5178.0
5361.0
5269.0
5291.0
5290.0
5227.0
5334.0
5294.0
5222.0
5317.0
5167.0
5200.0
5282.0
5313.0
5109.0
5149.0
5261.0
5159.0
5266.0
5238.0
5207.0
5294.0
5096.0
5076.0
5261.0
4896.0
