2800.0
3080.0
2842.0
2757.0
2733.0
2863.0
2810.0
2834.0
2934.0
2751.0
3113.0
3053.0
2853.0
3934.0
2781.0
2724.0
2699.0
2767.0
2835.0
4036.0
2863.0
2779.0
2806.0
2823.0
2999.0
2759.0
2834.0
2888.0
2857.0
2745.0
2790.0
2758.0
2883.0
2773.0
3923.0
2753.0
2816.0
2824.0
2815.0
2749.0
2790.0
2779.0
2667.0
2770.0
4040.0
2786.0
2886.0
2795.0
3945.0
2783.0
2751.0
2714.0
2794.0
2780.0
2839.0
2773.0
2764.0
2802.0
2776.0
3042.0
2786.0
2848.0
2791.0
2862.0
2920.0
2789.0
4042.0
3973.0
2764.0
2873.0
2852.0
2885.0
2810.0
2897.0
2798.0
2834.0
2800.0
2776.0
2646.0
2752.0
2854.0
2863.0
2766.0
2741.0
2894.0
2960.0
2797.0
2745.0
2821.0
2763.0
2731.0
2847.0
2796.0
3969.0
2801.0
2825.0
2759.0
2827.0
2909.0
2767.0
