3835.0
3714.0
3693.0
3738.0
3707.0
3687.0
3714.0
3639.0
3720.0
3707.0
3724.0
3788.0
3750.0
3691.0
3755.0
3769.0
3824.0
3706.0
3828.0
3731.0
3758.0
3688.0
3678.0
3793.0
3823.0
3776.0
3743.0
3738.0
3732.0
3676.0
3807.0
3682.0
3820.0
3803.0
3724.0
3793.0
3806.0
4272.0
3836.0
3748.0
3709.0
3762.0
3736.0
3739.0
3790.0
3761.0
3691.0
3702.0
3871.0
3680.0
3715.0
3747.0
3615.0
3741.0
3745.0
3911.0
3733.0
3853.0
3678.0
3686.0
3788.0
3726.0
3733.0
3704.0
3676.0
3820.0
3699.0
3782.0
3813.0
3802.0
3756.0
3677.0
3641.0
3781.0
3718.0
3621.0
3727.0
3744.0
3711.0
3770.0
3688.0
3655.0
3631.0
3785.0
3704.0
3709.0
3761.0
3808.0
3664.0
3776.0
3717.0
3752.0
3690.0
3710.0
3624.0
3826.0
3699.0
3750.0
3717.0
3712.0
