5416.0
5167.0
5374.0
5173.0
4992.0
5319.0
5063.0
5185.0
5290.0
5174.0
4999.0
5112.0
5133.0
5329.0
5203.0
5553.0
5023.0
4961.0
5107.0
5213.0
5064.0
5484.0
5078.0
5506.0
5110.0
5127.0
5203.0
5230.0
4904.0
4950.0
4955.0
4871.0
5257.0
4972.0
4983.0
4967.0
5280.0
5172.0
5430.0
4997.0
5827.0
5764.0
5198.0
5338.0
5392.0
4964.0
5176.0
5171.0
5140.0
5046.0
5195.0
4938.0
5596.0
5277.0
5608.0
5101.0
5279.0
5342.0
5531.0
4998.0
5889.0
5197.0
5972.0
5096.0
5245.0
5161.0
5339.0
5258.0
5100.0
5078.0
4959.0
4944.0
5237.0
4971.0
5022.0
5016.0
5210.0
5140.0
5078.0
5279.0
5214.0
5084.0
4944.0
5887.0
5611.0
5324.0
5872.0
7134.0
7875.0
5613.0
5134.0
5130.0
5444.0
5396.0
5277.0
5370.0
5237.0
5200.0
5371.0
5264.0
