5791.0
5854.0
5975.0
5944.0
5590.0
5762.0
5733.0
5862.0
5617.0
6551.0
6768.0
6367.0
5901.0
8299.0
6993.0
6050.0
6045.0
6304.0
7222.0
6929.0
7302.0
7754.0
6012.0
6294.0
6410.0
5633.0
5493.0
5613.0
5445.0
5619.0
5609.0
6197.0
5762.0
5421.0
5733.0
5675.0
5664.0
5598.0
5614.0
5576.0
5631.0
5422.0
5495.0
5518.0
5612.0
5443.0
5581.0
5590.0
5595.0
5630.0
6105.0
5698.0
5722.0
6425.0
5940.0
5711.0
5523.0
5669.0
5711.0
5451.0
5575.0
5619.0
5756.0
5837.0
5814.0
5868.0
5460.0
5518.0
5539.0
5741.0
5519.0
5340.0
5483.0
5778.0
5740.0
5578.0
5541.0
5755.0
5543.0
5941.0
5541.0
5611.0
5660.0
5647.0
5582.0
5605.0
5539.0
5813.0
5828.0
5576.0
5902.0
5592.0
5738.0
5623.0
5706.0
5494.0
5775.0
5743.0
5614.0
5501.0
