2940.0
2934.0
3076.0
3054.0
3209.0
3095.0
3094.0
3067.0
2965.0
3076.0
3090.0
2973.0
3006.0
3081.0
3140.0
3019.0
3012.0
3071.0
3041.0
3011.0
2920.0
3100.0
2982.0
3071.0
3005.0
2975.0
2962.0
3043.0
2904.0
3424.0
3048.0
2986.0
3179.0
3033.0
3032.0
3182.0
2989.0
3069.0
3009.0
2971.0
3012.0
2968.0
2922.0
2985.0
3038.0
2988.0
3004.0
3081.0
2961.0
3042.0
3004.0
2924.0
2998.0
3018.0
2911.0
3045.0
2972.0
3104.0
2992.0
2926.0
3125.0
3028.0
3075.0
3007.0
3044.0
3035.0
3130.0
3075.0
2960.0
2910.0
3076.0
3057.0
3157.0
3322.0
3469.0
3639.0
3147.0
2978.0
2993.0
3050.0
3393.0
3009.0
3091.0
3043.0
2975.0
3014.0
3000.0
3010.0
3151.0
3036.0
2932.0
2976.0
2977.0
3012.0
2914.0
3046.0
2986.0
2965.0
2946.0
2994.0
