4254.0
4222.0
4012.0
4154.0
4388.0
4178.0
3909.0
4050.0
4212.0
4372.0
4434.0
4346.0
4179.0
4197.0
4126.0
4028.0
4017.0
3810.0
4043.0
4046.0
3941.0
3935.0
4506.0
4106.0
4046.0
4347.0
4365.0
4358.0
4298.0
3853.0
4154.0
5277.0
4790.0
4009.0
3908.0
4107.0
3986.0
4233.0
4309.0
4312.0
4366.0
4067.0
4300.0
4159.0
3975.0
4184.0
4019.0
3954.0
4021.0
3905.0
4255.0
4843.0
4931.0
4255.0
4987.0
4752.0
4989.0
4693.0
4811.0
4315.0
4154.0
4489.0
4124.0
4579.0
4945.0
4291.0
4337.0
4159.0
4207.0
3947.0
3901.0
4720.0
3956.0
3992.0
3919.0
3951.0
3995.0
4165.0
4581.0
4067.0
4241.0
4566.0
4721.0
5407.0
4621.0
4968.0
4550.0
4999.0
5094.0
4766.0
4546.0
4852.0
4331.0
4255.0
4281.0
4201.0
4558.0
4285.0
4151.0
4695.0
