5464.0
5903.0
5771.0
5606.0
5514.0
5586.0
6295.0
5396.0
5793.0
5720.0
5808.0
5685.0
5608.0
5500.0
5566.0
5506.0
5338.0
5389.0
5365.0
5373.0
5670.0
5434.0
5460.0
5357.0
5506.0
5625.0
5562.0
5292.0
5632.0
6205.0
5629.0
6571.0
6097.0
6070.0
5450.0
5621.0
6270.0
5308.0
5515.0
6378.0
5709.0
5523.0
5485.0
5634.0
5428.0
5999.0
5438.0
5866.0
5827.0
5851.0
5700.0
5836.0
5673.0
5550.0
5818.0
6247.0
5367.0
5412.0
5632.0
5599.0
5676.0
5958.0
5509.0
5893.0
5552.0
5613.0
5453.0
5640.0
5540.0
5658.0
5753.0
5505.0
6036.0
5844.0
5491.0
5578.0
5268.0
5824.0
5387.0
5574.0
6094.0
5582.0
5612.0
5781.0
5345.0
5312.0
5585.0
5490.0
5501.0
5627.0
5307.0
5549.0
5488.0
5560.0
5560.0
5457.0
5292.0
5573.0
5541.0
5584.0
