60.0
59.0
78.0
80.0
55.0
70.0
52.0
83.0
76.0
67.0
79.0
88.0
50.0
77.0
52.0
73.0
80.0
78.0
87.0
72.0
82.0
89.0
86.0
66.0
81.0
46.0
85.0
75.0
70.0
77.0
72.0
81.0
50.0
48.0
88.0
71.0
72.0
53.0
84.0
98.0
87.0
60.0
74.0
65.0
58.0
85.0
91.0
88.0
58.0
67.0
98.0
64.0
69.0
83.0
55.0
65.0
67.0
53.0
94.0
65.0
77.0
50.0
59.0
77.0
76.0
65.0
70.0
75.0
92.0
78.0
86.0
52.0
56.0
83.0
70.0
48.0
78.0
56.0
72.0
73.0
78.0
66.0
50.0
50.0
65.0
88.0
65.0
79.0
79.0
66.0
50.0
75.0
50.0
79.0
75.0
83.0
88.0
86.0
53.0
49.0
